{
    "camera_model": "OPENCV",
    "orientation_override": "none",
    "frames": [
        {
            "fl_x": 776.5576732194615,
            "fl_y": 776.5576732194615,
            "cx": 498.91290283203125,
            "cy": 343.7318115234375,
            "w": 994,
            "h": 738,
            "file_path": "./images/frame_00068.jpg",
            "transform_matrix": [
                [
                    0.9946728944778442,
                    -0.08367305248975754,
                    0.06020474061369896,
                    -0.35824984312057495
                ],
                [
                    0.08176961541175842,
                    0.28484275937080383,
                    -0.9550802707672119,
                    -2.0363423824310303
                ],
                [
                    0.06276559829711914,
                    0.9549154043197632,
                    0.29016730189323425,
                    -0.22489041090011597
                ],
                [
                    0.0,
                    0.0,
                    0.0,
                    1.0
                ]
            ]
        },
        {
            "fl_x": 776.9755418605433,
            "fl_y": 776.9755418605433,
            "cx": 499.1778564453125,
            "cy": 344.4537048339844,
            "w": 994,
            "h": 738,
            "file_path": "./images/frame_00089.jpg",
            "transform_matrix": [
                [
                    -0.9915770292282104,
                    0.011862519197165966,
                    0.1289738416671753,
                    -0.2721302807331085
                ],
                [
                    0.1127348244190216,
                    -0.41119691729545593,
                    0.9045484662055969,
                    -0.05368123948574066
                ],
                [
                    0.06376386433839798,
                    0.9114693403244019,
                    0.4063960909843445,
                    -0.18689504265785217
                ],
                [
                    0.0,
                    0.0,
                    0.0,
                    1.0
                ]
            ]
        },
        {
            "fl_x": 774.9609488136225,
            "fl_y": 774.9609488136225,
            "cx": 499.30419921875,
            "cy": 344.8703918457031,
            "w": 994,
            "h": 738,
            "file_path": "./images/frame_00005.jpg",
            "transform_matrix": [
                [
                    -0.9932164549827576,
                    0.10723389685153961,
                    0.04496682062745094,
                    -0.46797409653663635
                ],
                [
                    -0.020579753443598747,
                    -0.5427132248878479,
                    0.8396658897399902,
                    0.24079333245754242
                ],
                [
                    0.11444474011659622,
                    0.8330445885658264,
                    0.54123854637146,
                    0.20798622071743011
                ],
                [
                    0.0,
                    0.0,
                    0.0,
                    1.0
                ]
            ]
        },
        {
            "fl_x": 774.7643406416648,
            "fl_y": 774.7643406416648,
            "cx": 499.31097412109375,
            "cy": 344.29180908203125,
            "w": 994,
            "h": 738,
            "file_path": "./images/frame_00044.jpg",
            "transform_matrix": [
                [
                    -0.9378204345703125,
                    0.23569925129413605,
                    -0.2548307776451111,
                    -0.8903090953826904
                ],
                [
                    -0.32801300287246704,
                    -0.3615281879901886,
                    0.8727570176124573,
                    0.21187934279441833
                ],
                [
                    0.11357966810464859,
                    0.9020771980285645,
                    0.41636091470718384,
                    0.20279936492443085
                ],
                [
                    0.0,
                    0.0,
                    0.0,
                    1.0
                ]
            ]
        }
    ]
}