{
    "camera_model": "OPENCV",
    "orientation_override": "none",
    "frames": [
        {
            "fl_x": 773.9306369872324,
            "fl_y": 773.9306369872324,
            "cx": 497.82025146484375,
            "cy": 343.56329345703125,
            "w": 994,
            "h": 738,
            "file_path": "./images/frame_00001.jpg",
            "transform_matrix": [
                [
                    -0.9989004731178284,
                    0.016422012820839882,
                    -0.0439114049077034,
                    -1.288455605506897
                ],
                [
                    -0.044133637100458145,
                    -0.013424078933894634,
                    0.9989354610443115,
                    -0.7332382202148438
                ],
                [
                    0.01581506058573723,
                    0.9997750520706177,
                    0.014134081080555916,
                    0.49175825715065
                ],
                [
                    0.0,
                    0.0,
                    0.0,
                    1.0
                ]
            ]
        },
        {
            "fl_x": 772.8432854325893,
            "fl_y": 772.8432854325893,
            "cx": 497.91094970703125,
            "cy": 343.59197998046875,
            "w": 994,
            "h": 738,
            "file_path": "./images/frame_00023.jpg",
            "transform_matrix": [
                [
                    -0.8946828246116638,
                    0.17757797241210938,
                    0.40988868474960327,
                    -1.008337378501892
                ],
                [
                    0.4440493881702423,
                    0.25370320677757263,
                    0.8593339323997498,
                    -0.7143141031265259
                ],
                [
                    0.04860870912671089,
                    0.9508421421051025,
                    -0.3058373034000397,
                    0.2331070601940155
                ],
                [
                    0.0,
                    0.0,
                    0.0,
                    1.0
                ]
            ]
        },
        {
            "fl_x": 774.0291961506414,
            "fl_y": 774.0291961506414,
            "cx": 498.30615234375,
            "cy": 343.7823791503906,
            "w": 994,
            "h": 738,
            "file_path": "./images/frame_00009.jpg",
            "transform_matrix": [
                [
                    -0.7799640893936157,
                    -0.18260633945465088,
                    0.5985907912254333,
                    -0.9357768893241882
                ],
                [
                    0.6257323622703552,
                    -0.2439371943473816,
                    0.7409140467643738,
                    -0.8618754744529724
                ],
                [
                    0.010722950100898743,
                    0.9524440169334412,
                    0.3045249581336975,
                    0.6699895262718201
                ],
                [
                    0.0,
                    0.0,
                    0.0,
                    1.0
                ]
            ]
        },
        {
            "fl_x": 772.8132103937547,
            "fl_y": 772.8132103937547,
            "cx": 497.73211669921875,
            "cy": 343.7542724609375,
            "w": 994,
            "h": 738,
            "file_path": "./images/frame_00020.jpg",
            "transform_matrix": [
                [
                    -0.6988251209259033,
                    0.27398157119750977,
                    0.6607401371002197,
                    -0.8451220989227295
                ],
                [
                    0.7152925133705139,
                    0.26789048314094543,
                    0.6454387903213501,
                    -0.9037017226219177
                ],
                [
                    -0.00016766649787314236,
                    0.9236713647842407,
                    -0.38318556547164917,
                    0.1913195550441742
                ],
                [
                    0.0,
                    0.0,
                    0.0,
                    1.0
                ]
            ]
        }
    ]
}