{
    "fl_x": 499.950887,
    "fl_y": 451.242183,
    "cx": 159.630985,
    "cy": 251.064015,
    "w": 320,
    "h": 512,
    "camera_model": "OPENCV",
    "k1": 0.1149009273124628,
    "k2": -0.13886756655463844,
    "p1": -0.0019021246401359157,
    "p2": -0.0014176350475208614,
    "frames": [
        {
            "file_path": "images/frame_00175.png",
            "transform_matrix": [
                [
                    -0.18673850470509684,
                    -0.9822082508301533,
                    0.01989177874588939,
                    -1.4671763552749095
                ],
                [
                    0.4223476986732626,
                    -0.061982985512777436,
                    0.9043121866547643,
                    4.7397776243783145
                ],
                [
                    -0.8869899392247373,
                    0.1772711524983513,
                    0.4264080043878196,
                    -3.248783051132909
                ],
                [
                    0.0,
                    0.0,
                    0.0,
                    1.0
                ]
            ]
        },
        {
            "file_path": "images/frame_00277.png",
            "transform_matrix": [
                [
                    -0.04172238896062063,
                    -0.991341864133104,
                    0.12450120753037185,
                    -0.2972139021114241
                ],
                [
                    0.9753787150115966,
                    -0.013404895070781731,
                    0.2201287602528757,
                    -1.5303152307461327
                ],
                [
                    -0.21655392991526468,
                    0.13062012557505587,
                    0.9674930378214674,
                    -0.4387372172791263
                ],
                [
                    0.0,
                    0.0,
                    0.0,
                    1.0
                ]
            ]
        },
        {
            "file_path": "images/frame_00295.png",
            "transform_matrix": [
                [
                    -0.02043973783172679,
                    -0.9973580850295087,
                    0.06970701072088319,
                    0.0826491899229914
                ],
                [
                    0.998471577382207,
                    -0.016782201386811094,
                    0.052658018159626535,
                    -2.516279923504524
                ],
                [
                    -0.051349063061143764,
                    0.07067678503499975,
                    0.9961767241708969,
                    0.8123437165455132
                ],
                [
                    0.0,
                    0.0,
                    0.0,
                    1.0
                ]
            ]
        },
        {
            "file_path": "images/frame_00258.png",
            "transform_matrix": [
                [
                    -0.06943477219539727,
                    -0.9928192320076584,
                    0.09741039454748336,
                    -0.3824874501189455
                ],
                [
                    0.9290788565482136,
                    -0.02879619021801867,
                    0.3687590781851903,
                    0.6004914879516663
                ],
                [
                    -0.3633060565490712,
                    0.11610664057085959,
                    0.9244068137406346,
                    -0.701314147722975
                ],
                [
                    0.0,
                    0.0,
                    0.0,
                    1.0
                ]
            ]
        }
    ]
}